-0.79400E+01
-0.75045E+01
-0.70690E+01
-0.66459E+01
-0.62376E+01
-0.58454E+01
-0.54700E+01
-0.51120E+01
-0.47714E+01
-0.44482E+01
-0.41421E+01
-0.38527E+01
-0.35798E+01
-0.33227E+01
-0.30810E+01
-0.28541E+01
-0.26414E+01
-0.24423E+01
-0.22560E+01
-0.20822E+01
-0.19200E+01
-0.17689E+01
-0.16283E+01
-0.14976E+01
-0.13762E+01
-0.12636E+01
-0.11592E+01
-0.10626E+01
-0.97317E+00
-0.89053E+00
-0.81422E+00
-0.74381E+00
-0.67890E+00
-0.61910E+00
-0.56406E+00
-0.51344E+00
-0.46691E+00
-0.42418E+00
-0.38497E+00
-0.34901E+00
-0.31605E+00
-0.28587E+00
-0.25825E+00
-0.23298E+00
-0.20989E+00
-0.18880E+00
-0.16955E+00
-0.15199E+00
-0.13597E+00
-0.12138E+00
-0.10809E+00
-0.96000E-01
-0.85000E-01
-0.75000E-01
-0.65000E-01
-0.54000E-01
-0.41921E-01
-0.28678E-01
-0.14185E-01
 0.16510E-02
 0.18926E-01
 0.37740E-01
 0.58197E-01
 0.80406E-01
 0.10448E+00
 0.13053E+00
 0.15869E+00
 0.18906E+00
 0.22178E+00
 0.25699E+00
 0.29480E+00
 0.33535E+00
 0.37879E+00
 0.42525E+00
 0.47487E+00
 0.52779E+00
 0.58416E+00
 0.64411E+00
 0.70780E+00
 0.77535E+00
 0.84693E+00
 0.92266E+00
 0.10027E+01
 0.10872E+01
 0.11762E+01
 0.12699E+01
 0.13685E+01
 0.14720E+01
 0.15806E+01
 0.16944E+01
 0.18136E+01
 0.19381E+01
 0.20681E+01
 0.22038E+01
 0.23452E+01
 0.24924E+01
 0.26454E+01
 0.28044E+01
 0.29694E+01
 0.31404E+01
 0.33176E+01
 0.35009E+01
 0.36904E+01
 0.38861E+01
 0.40880E+01
 0.42962E+01
 0.45106E+01
 0.47312E+01
 0.49581E+01
 0.51911E+01
 0.54303E+01
 0.56757E+01
 0.59271E+01
 0.61846E+01
 0.64481E+01
 0.67175E+01
 0.69928E+01
 0.72738E+01
 0.75605E+01
 0.78528E+01
 0.81507E+01
 0.84539E+01
 0.87625E+01
 0.90763E+01
 0.93952E+01
 0.97190E+01
 0.10048E+02
 0.10381E+02
 0.10719E+02
 0.11062E+02
 0.11409E+02
 0.11760E+02
 0.12115E+02
 0.12475E+02
 0.12838E+02
 0.13205E+02
 0.13575E+02
 0.13949E+02
 0.14326E+02
 0.14707E+02
 0.15090E+02
 0.15476E+02
 0.15865E+02
 0.16257E+02
 0.16652E+02
 0.17048E+02
 0.17447E+02
 0.17849E+02
 0.18252E+02
 0.18657E+02
 0.19064E+02
 0.19473E+02
 0.19884E+02
 0.20296E+02
 0.20709E+02
 0.21124E+02
 0.21540E+02
 0.21958E+02
 0.22376E+02
 0.22795E+02
 0.23215E+02
 0.23636E+02
 0.24058E+02
 0.24481E+02
 0.24904E+02
 0.25328E+02
 0.25752E+02
 0.26177E+02
 0.26602E+02
 0.27028E+02
 0.27454E+02
 0.27880E+02
 0.28306E+02
 0.28733E+02
 0.29160E+02
 0.29587E+02
 0.30014E+02
 0.30441E+02
 0.30869E+02
 0.31296E+02
 0.31724E+02
 0.32151E+02
 0.32579E+02
 0.33007E+02
 0.33434E+02
 0.33862E+02
 0.34289E+02
 0.34717E+02
 0.35145E+02
 0.35572E+02
 0.36000E+02
